Nº 7506 – 19 kaada 1447 (7-5-2026)	
BULLETIN OFFICIEL	
829

832	
BULLETIN OFFICIEL	
Nº 7506 – 19 kaada 1447 (7-5-2026)
120000 
531572 
526507 
521443 
516375 
511315 
506255 
501195 
496135 
491075 
486000 
482210 
478420
150000 
557822 
552508 
547193 
541875 
536515 
531155 
525795 
520435 
515075 
510000 
505910 
501820
180000 
584073 
578508 
572944 
567375 
561715 
556055 
550395 
544735 
539075 
534000 
529610 
525220
210000 
610323 
604508 
598694 
592875 
586915 
580955 
574995 
569035 
563075 
558000 
553310 
548620
240000 
636573 
630509 
624444 
618375 
612115 
605855 
599595 
593335 
587075 
582000 
577010 
572020
270000 
662824 
656509 
650194 
643875 
637315 
630755 
624195 
617635 
611075 
606000 
600710 
595420
300000 
689074 
682510 
675945 
669375 
662515 
655655 
648795 
641935 
635075 
630000 
624410 
618820
330000 
715273 
708459 
701644 
694825 
687715 
680555 
673395 
666235 
659075 
654000 
648110 
642220
360000 
741575 
734510 
727445 
720375 
712915 
705455 
697995 
690535 
683075 
678000 
671810 
665620
390000 
767826 
760511 
753195 
745875 
738115 
730355 
722595 
714835 
707075 
702000 
695510 
689020
420000 
794076 
786511 
778946 
771375 
763315 
755255 
747195 
739135 
731075 
726000 
719210 
712420
450000 
820327 
812511 
804696 
796875 
788525 
780155 
771795 
763435 
755075 
750000 
742910 
735820
480000 
846577 
838512 
830446 
822375 
813715 
805055 
796395 
787735 
779075 
774000 
766610 
759220
500000 
864077 
855845 
847613 
839375 
830515 
821655 
812795 
803975 
795075 
790000 
782410 
774820
525000 
885957 
877516 
869076 
860625 
851540 
842455 
833370 
824330 
815205 
810000 
802220 
794440
550000 
907837 
899188 
890539 
881883 
872575 
863266 
853957 
844690 
835339 
830008 
822033 
814059
640000 
986603 
977204 
967804 
958398 
948282 
938165 
928048 
917977 
907815 
902022 
893356 
884689
670000 
1012854 1003204 993555 
983898 
974255 
964606 
954963 
945314 
935671 
926022 
918229 
911080
700000 
1039104 1029204 1019305 1009398 999506 
989606 
979713 
969814 
959921 
950022 
942027 
934692
730000 
1065355 1055205 1045055 1034898 1024756 1014606 1004463 994314 
984171 
974022 
965825 
958305
760000 
1091605 1081205 1070805 1060398 1050006 1039606 1029214 1018814 1008421 998022 
989624 
981918
790000 
1117855 1107206 1096556 1085898 1075256 1064606 1053964 1043314 1032672 1022022 1013422 1005530
820000 
1144106 1133206 1122306 1111398 1100506 1089606 1078714 1067814 1056922 1046022 1037220 1029143
850000 
1170356 1159206 1148056 1136898 1125756 1114606 1103464 1092314 1081172 1070022 1061018 1052756
880000 
1196607 1185207 1173806 1162398 1151006 1139606 1128214 1116814 1105422 1094022 1084816 1076369
910000 
1222857 1211207 1199557 1187898 1176256 1164606 1152964 1141314 1129672 1118022 1108614 1099981
940000 
1249108 1237207 1225307 1213398 1201506 1189606 1177714 1165814 1153922 1142022 1132412 1123594
970000 
1275358 1263208 1251057 1238898 1226756 1214606 1202464 1190314 1178172 1166022 1156210 1147207
1000000 
1301609 1289208 1276808 1264398 1252006 1239606 1227214 1214814 1202422 1190022 1180008 1170820

Nº 7506 – 19 kaada 1447 (7-5-2026)	
BULLETIN OFFICIEL	
833

834	
BULLETIN OFFICIEL	
Nº 7506 – 19 kaada 1447 (7-5-2026)
108000 
462115 
458420 
454725 
451030 
447335 
443625 
437710 
431795 
425880 
419965 
414050 
408135
111000 
465240 
461520 
457800 
454080 
450360 
446625 
440670 
434715 
428760 
422805 
416850 
410895
114000 
468365 
464620 
460875 
457130 
453385 
449625 
443670 
437715 
431760 
425805 
419850 
413815
117000 
471490 
467720 
463950 
460180 
456410 
452625 
446590 
440555 
434520 
428485 
422450 
416415
120000 
474630 
470840 
467050 
463260 
459470 
455625 
449550 
443475 
437400 
431325 
425250 
419175
150000 
497880 
493940 
490000 
486060 
482120 
478125 
471750 
465375 
459000 
452625 
446250 
439875
180000 
521130 
517040 
512950 
508860 
504770 
500625 
493950 
487275 
480600 
473925 
467250 
460575
210000 
544380 
540140 
535900 
531660 
527420 
523125 
516150 
509175 
502200 
495225 
488250 
481275
240000 
567630 
563240 
558850 
554460 
550070 
546625 
538350 
531075 
523800 
516525 
509250 
501975
270000 
590880 
586340 
581800 
577260 
572720 
568125 
560550 
552975 
545400 
537825 
530250 
522675
300000 
614130 
609440 
604750 
600060 
595370 
590625 
582750 
574875 
567000 
559125 
551250 
543375
330000 
637380 
632540 
627700 
632860 
618020 
613125 
604950 
596775 
588600 
580425 
572250 
564075
360000 
660630 
655640 
650650 
645660 
640670 
635625 
627150 
618675 
610200 
601725 
593250 
584775
390000 
683880 
678740 
673600 
668460 
663320 
658125 
649350 
640575 
631800 
623025 
614250 
605475
420000 
707130 
701840 
696550 
691260 
685970 
680625 
671550 
662475 
653400 
644325 
635250 
626175
450000 
730380 
724940 
719500 
714060 
708620 
703125 
693750 
684375 
675000 
665625 
656250 
646875
480000 
759630 
748040 
742450 
736860 
731270 
725625 
715950 
706275 
696600 
686925 
677250 
667575
500000 
769130 
763440 
757750 
752060 
746370 
740625 
730750 
720875 
711000 
701125 
691250 
681375
525000 
788605 
782770 
776940 
771100 
765265 
759375 
749250 
739125 
729000 
718875 
708750 
698625
550000 
808081 
802102 
796125 
790147 
784168 
778132 
767757 
757382 
747007 
736632 
726257 
715881
640000 
878193 
871695 
865199 
858703 
852205 
845645 
834369 
823095 
811819 
800545 
789269 
777993
670000 
903923 
896766 
889609 
882459 
875302 
868145 
856569 
851276 
833422 
821846 
810269 
798699
700000 
927350 
920008 
912665 
905330 
897988 
890645 
878769 
873339 
855022 
843146 
831269 
819399
730000 
950777 
943249 
935721 
928201 
920673 
913145 
900969 
895402 
876622 
864446 
852269 
840100
760000 
974204 
966491 
958778 
951072 
943359 
935645 
923169 
917464 
898222 
885746 
873269 
860800
790000 
997632 
989733 
981834 
973943 
966044 
958145 
945368 
939527 
919823 
907046 
894269 
881500
820000 
1021059 1012975 1004890 996814 
988730 
980645 
967568 
961590 
941423 
928346 
915269 
902200
850000 
1044486 1036216 1027947 1019685 1011415 1003145 989768 
983653 
963023 
949646 
936269 
922900
880000 
1067913 1059458 1051003 1042556 1034101 1025645 1011968 1005716 984623 
970946 
957269 
943600
910000 
1091341 1082700 1074059 1065427 1056786 1048145 1034168 1027778 1006223 992246 
978269 
964300
940000 
1114768 1105942 1097115 1088298 1079472 1070645 1056368 1049841 1027823 1013546 999269 
985001
970000 
1138195 1129183 1120172 1111169 1102157 1093145 1078568 1071904 1049423 1034846 1020269 1005701
1000000 
1161622 1152425 1143228 1134040 1124843 1115645 1100768 1093967 1071023 1056146 1041269 1026401

Nº 7506 – 19 kaada 1447 (7-5-2026)	
BULLETIN OFFICIEL	
835

836	
BULLETIN OFFICIEL	
Nº 7506 – 19 kaada 1447 (7-5-2026)
108000 
402220 396305 390390 384475 377085 369695 362305 354915 347525 340135 332745 325355
111000 
404940 398985 393030 387075 379635 372195 364755 357315 349875 342435 334995 327555
114000 
407780 401745 396710 389675 382185 374695 367205 359715 352225 344735 337245 329755
117000 
410380 404345 398310 392275 384735 377195 369655 362115 354575 347035 339695 331925
120000 
413100 407025 400950 394875 387250 379645 372050 364415 356800 349185 341570 334125
150000 
433500 427125 420750 414375 406500 398545 390650 382415 374350 366285 358370 350625
180000 
453900 447225 440550 433875 425950 417445 409250 400415 391900 383385 375170 367125
210000 
474300 467325 460350 453375 445300 436345 427850 418415 409450 400485 391970 383625
240000 
494700 487425 480150 472875 464650 455245 446450 436415 427000 417585 408770 400125
270000 
515100 507525 499950 492375 484000 474145 465050 454415 444550 434685 425570 416625
300000 
535500 527625 519750 511875 503350 493045 483650 472415 462100 451785 442370 433125
330000 
555900 547725 539550 531375 522700 511945 502250 490415 479650 468885 459170 449625
360000 
576300 567825 559350 550875 542050 530045 520850 508415 497200 485985 475970 466125
390000 
596700 587925 579150 570375 561400 549745 539450 526415 514750 503085 492770 482625
420000 
617100 608025 598950 589875 580750 568645 558050 544415 532300 520185 509570 499125
450000 
637500 628125 618750 609375 600100 587545 576650 562415 549850 537285 526370 515625
480000 
657900 648225 638550 628875 619450 606445 595250 580415 567400 554385 543170 532125
500000 
671500 661625 651750 641875 632350 619045 607650 592415 579100 565785 554370 543125
525000 
688500 678375 668250 658125 648360 634720 623035 607415 593760 580110 568405 556875
550000 
705507 695131 684757 674381 664374 650395 638423 622417 608427 594438 582445 570630
640000 
766719 755443 744169 732893 722018 706826 693814 676420 661215 646013 632980 620140
670000 
787116 775546 763334 752393 737925 723458 708984 694516 680049 665582 651107 636640
700000 
807516 795646 783117 771893 757050 742208 727359 712516 697674 682832 667982 653140
730000 
827915 815746 802901 791393 776175 760958 745733 730516 715299 700082 684857 669640
760000 
848315 835846 822685 810893 795300 779708 764108 748516 732924 717332 701732 686140
790000 
868715 855946 842468 830393 814425 798458 782483 766516 750549 734582 718607 702640
820000 
889115 876046 862252 849893 833550 817208 800858 784516 768174 751832 735482 719140
850000 
909515 896146 882035 869393 852676 835958 819233 802516 785799 769082 752357 735640
880000 
929915 916246 901819 888893 871801 854709 837608 820516 803424 786332 769232 752140
910000 
950315 936347 921602 908393 890926 873459 855983 838516 821049 803582 786107 768640
940000 
970715 956447 941386 927893 910051 892209 874358 856516 838674 820832 802982 785140
970000 
991115 976547 961170 947393 929176 910959 892733 874516 856299 838082 819857 801640
1000000 
1011515 996647 980953 966893 948301 929709 911108 892516 873924 855333 836732 818140

Nº 7506 – 19 kaada 1447 (7-5-2026)	
BULLETIN OFFICIEL	
837

838	
BULLETIN OFFICIEL	
Nº 7506 – 19 kaada 1447 (7-5-2026)
108000 
317965 310575 303146 295754 288361 280968 273575 266182 258789 251396
111000 
320115 312675 305196 297754 290311 282868 275425 267982 260539 253096
114000 
322265 314775 307246 299754 292261 284768 277275 269782 262289 254797
117000 
324415 316875 309296 301754 294211 286668 279125 271582 264039 256497
120000 
326340 318725 311346 303754 296161 288568 280975 273382 265789 258197
150000 
342540 334625 326722 318754 310786 302818 294850 286883 278915 270947
180000 
358740 350525 342097 333754 325411 317069 308726 300383 292040 283698
210000 
374940 366425 357472 348754 340037 331319 322601 313883 305166 296448
240000 
391140 382325 372847 363754 354662 345569 336476 327384 318291 309198
270000 
407340 398225 388222 378755 369287 359819 350352 340884 331417 321949
300000 
423510 414125 403597 393755 383912 374070 364227 354385 344542 334699
330000 
439740 430025 418942 408726 398509 388292 378075 367858 357642 347425
360000 
455940 445925 434348 423755 413163 402570 391978 381385 370793 360200
390000 
472140 461825 449723 438755 427788 416820 405853 394886 383918 372951
420000 
488940 477725 465098 453755 442413 431071 419728 408386 397044 385701
450000 
504540 493625 480473 468756 457038 445321 433604 421886 410169 398452
480000 
520740 509525 495848 483756 471664 459571 447479 435387 423294 411202
500000 
531540 520125 506098 493756 481414 469071 456729 444387 432045 419702
525000 
545000 533295 518913 506259 493604 480949 468294 455639 442985 430330
550000 
558459 546465 531728 518761 505794 492827 479859 466892 453925 440957
640000 
606913 593878 577863 563770 549678 535586 521493 507401 493308 479216
670000 
622173 607705 593238 578771 564303 549836 535368 520901 506434 491966
700000 
638298 623455 608613 593771 578928 564086 549244 534402 519559 504717
730000 
654423 639205 623988 608771 593554 578336 563119 547902 532685 517467
760000 
670548 654955 639363 623771 608179 592587 576994 561402 545810 530218
790000 
686673 670706 654738 638771 622804 606837 590870 574903 558935 542968
820000 
702798 686456 670114 653771 637429 621087 604745 588403 572061 555719
850000 
718923 702206 685489 668772 652055 635337 618620 601903 585186 568469
880000 
735048 717956 700864 683772 666680 649588 632496 615404 598312 581220
910000 
751173 733706 716239 698772 681305 663838 646371 628904 611437 593970
940000 
767298 749456 731614 713772 695930 678088 660246 642404 624562 606721
970000 
783423 765206 746989 728772 710555 692339 674122 655905 637688 619471
1000000 
799548 780956 762364 743773 725181 706589 687997 669405 650813 632221
Le texte en langue arabe a été publié dans l’édition générale du « Bulletin officiel » n° 7478 du 9 chaabane 1447 (29 janvier 2026).

858	
BULLETIN OFFICIEL	
Nº 7506 – 19 kaada 1447 (7-5-2026)

Nº 7506 – 19 kaada 1447 (7-5-2026)	
BULLETIN OFFICIEL	
859

888	
BULLETIN OFFICIEL	
Nº 7506 – 19 kaada 1447 (7-5-2026)
*   *   *

Nº 7506 – 19 kaada 1447 (7-5-2026)	
BULLETIN OFFICIEL	
893

894	
BULLETIN OFFICIEL	
Nº 7506 – 19 kaada 1447 (7-5-2026)

Nº 7506 – 19 kaada 1447 (7-5-2026)	
BULLETIN OFFICIEL	
895

896	
BULLETIN OFFICIEL	
Nº 7506 – 19 kaada 1447 (7-5-2026)

Nº 7506 – 19 kaada 1447 (7-5-2026)	
BULLETIN OFFICIEL	
897

Nº 7506 – 19 kaada 1447 (7-5-2026)	
BULLETIN OFFICIEL	
919
AVIS ET COMMUNICATIONS